-
TankID,Min capacity,Max capacity,Tank type
1.0,0.0,359.0,1.0
2.0,0.0,359.0,1.0
3.0,0.0,606.0,1.0
4.0,0.0,606.0,1.0
5.0,0.0,602.0,1.0
6.0,0.0,602.0,1.0
7.0,0.0,563.0,2.0
8.0,0.0,563.0,2.0
9.0,0.0,862.0,2.0
10.0,0.0,862.0,2.0
11.0,0.0,956.0,2.0
12.0,0.0,956.0,2.0
13.0,0.0,292.0,1.0
14.0,0.0,292.0,1.0
15.0,0.0,1219.0,1.0
16.0,0.0,1219.0,1.0
17.0,0.0,301.0,1.0
18.0,0.0,301.0,1.0
19.0,0.0,1225.0,1.0
20.0,0.0,1225.0,1.0
21.0,0.0,302.0,1.0
22.0,0.0,302.0,1.0
23.0,0.0,307.0,1.0
24.0,0.0,307.0,1.0
25.0,0.0,1470.0,1.0
26.0,0.0,1470.0,1.0
27.0,0.0,346.0,1.0
28.0,0.0,346.0,1.0
29.0,0.0,586.0,1.0
30.0,0.0,586.0,1.0
31.0,0.0,1274.0,1.0
32.0,0.0,586.0,1.0
33.0,0.0,586.0,1.0
34.0,0.0,2320.0,1.0
35.0,0.0,1187.0,2.0
36.0,0.0,1186.0,2.0
37.0,0.0,2562.0,1.0
38.0,0.0,290.0,1.0
39.0,0.0,290.0,1.0
40.0,0.0,2547.0,1.0
41.0,0.0,290.0,1.0
42.0,0.0,290.0,1.0
43.0,0.0,2546.0,1.0
44.0,0.0,290.0,1.0
45.0,0.0,290.0,1.0
46.0,0.0,297.0,1.0
47.0,0.0,297.0,1.0
48.0,0.0,3058.0,1.0
49.0,0.0,153.0,1.0
50.0,0.0,153.0,1.0
51.0,0.0,147.0,1.0
52.0,0.0,147.0,1.0
-
Terminal name,Terminal ID,Draft limit ,Waiting time [hr],Entering time 
ANCH,0.0,100000.0,0.0,0.0
A,1.0,32409.0,6.0,0.5
B,2.0,33291.0,4.0,1.0
C,3.0,33642.0,8.0,0.5
D,4.0,30263.0,13.0,2.0
E,5.0,30396.0,7.0,1.0
F,6.0,29289.0,5.0,0.5
G,7.0,30338.0,9.0,1.0
H,8.0,30050.0,11.0,1.5
-
-,-
0.0,70.0,78.0,77.0,81.5,85.5,53.2,61.8,73.5
70.0,0.0,8.0,7.0,11.5,15.5,16.799999999999997,8.200000000000003,3.5
78.0,8.0,0.0,1.0,3.5,7.5,24.799999999999997,16.200000000000003,4.5
77.0,7.0,1.0,0.0,4.5,8.5,23.799999999999997,15.200000000000003,3.5
81.5,11.5,3.5,4.5,0.0,4.0,28.299999999999997,19.700000000000003,8.0
85.5,15.5,7.5,8.5,4.0,0.0,32.3,23.700000000000003,12.0
53.2,16.799999999999997,24.799999999999997,23.799999999999997,28.299999999999997,32.3,0.0,8.599999999999994,20.299999999999997
61.8,8.200000000000003,16.200000000000003,15.200000000000003,19.700000000000003,23.700000000000003,8.599999999999994,0.0,11.700000000000003
73.5,3.5,4.5,3.5,8.0,12.0,20.299999999999997,11.700000000000003,0.0
-
Node,Associated terminal,Pickup or delivery,Required washing time [hr],Cargo load [tons],Loading time,Lower time window,Upper time window,Density,Cargo type
0.0,ANCH,0.0,0.0,0.0,0.0,0.0,1000.0,0.0,0.0
1.0,A,1.0,0.0,1011.70413223307,6.0,15.0,100.0,1110.0,1.0
2.0,A,-1.0,10.0,-1119.02125375947,6.0,25.0,100.0,890.0,1.0
3.0,B,1.0,0.0,1111.46334078142,9.0,50.0,300.0,1840.0,1.0
4.0,B,-1.0,5.0,-2888.53766617951,3.0,50.0,200.0,791.0,3.0
5.0,B,-1.0,5.0,-3844.91103053026,6.0,40.0,200.0,791.0,3.0
6.0,B,-1.0,7.0,-2715.31626595036,12.0,10.0,150.0,867.0,1.0
7.0,C,-1.0,10.0,-2305.43254757169,3.0,14.0,150.0,906.0,3.0
8.0,C,1.0,0.0,3806.03954236609,4.0,15.0,100.0,1180.0,1.0
9.0,C,1.0,0.0,1348.25647781753,3.5,16.0,150.0,1070.0,1.0
10.0,D,1.0,0.0,1440.65950374119,3.0,60.0,250.0,924.0,1.0
11.0,D,1.0,0.0,2570.40643388899,9.0,25.0,250.0,877.0,3.0
12.0,D,1.0,0.0,1177.40012347777,12.0,25.0,250.0,2130.0,1.0
13.0,D,1.0,0.0,1892.30345128928,6.0,50.0,250.0,784.0,1.0
14.0,E,1.0,0.0,3402.61666902297,3.0,20.0,80.0,740.0,1.0
15.0,E,-1.0,2.0,-3586.32165105041,12.0,20.0,80.0,810.0,1.0
16.0,E,1.0,0.0,4000.29861321665,7.0,20.0,80.0,1030.0,1.0
17.0,F,1.0,0.0,2627.30421106766,6.0,50.0,300.0,791.0,3.0
18.0,F,-1.0,4.0,-1747.94038333624,9.0,50.0,300.0,953.0,1.0
19.0,G,-1.0,5.0,-3239.26394854441,3.0,20.0,200.0,791.0,3.0
20.0,H,-1.0,7.0,-1142.11535169714,9.0,20.0,200.0,867.0,1.0
21.0,ANCH,0.0,0.0,0.0,0.0,0.0,1000.0,0.0,0.0
