-
TankID,Min capacity,Max capacity,Tank type
1.0,0.0,359.0,1.0
2.0,0.0,359.0,1.0
3.0,0.0,606.0,1.0
4.0,0.0,606.0,1.0
5.0,0.0,602.0,1.0
6.0,0.0,602.0,1.0
7.0,0.0,563.0,2.0
8.0,0.0,563.0,2.0
9.0,0.0,862.0,2.0
10.0,0.0,862.0,2.0
11.0,0.0,956.0,2.0
12.0,0.0,956.0,2.0
13.0,0.0,292.0,1.0
14.0,0.0,292.0,1.0
15.0,0.0,1219.0,1.0
16.0,0.0,1219.0,1.0
17.0,0.0,301.0,1.0
18.0,0.0,301.0,1.0
19.0,0.0,1225.0,1.0
20.0,0.0,1225.0,1.0
21.0,0.0,302.0,1.0
22.0,0.0,302.0,1.0
23.0,0.0,307.0,1.0
24.0,0.0,307.0,1.0
25.0,0.0,1470.0,1.0
26.0,0.0,1470.0,1.0
27.0,0.0,346.0,1.0
28.0,0.0,346.0,1.0
29.0,0.0,586.0,1.0
30.0,0.0,586.0,1.0
31.0,0.0,1274.0,1.0
32.0,0.0,586.0,1.0
33.0,0.0,586.0,1.0
34.0,0.0,2320.0,1.0
35.0,0.0,1187.0,2.0
36.0,0.0,1186.0,2.0
37.0,0.0,2562.0,1.0
38.0,0.0,290.0,1.0
39.0,0.0,290.0,1.0
40.0,0.0,2547.0,1.0
41.0,0.0,290.0,1.0
42.0,0.0,290.0,1.0
43.0,0.0,2546.0,1.0
44.0,0.0,290.0,1.0
45.0,0.0,290.0,1.0
46.0,0.0,297.0,1.0
47.0,0.0,297.0,1.0
48.0,0.0,3058.0,1.0
49.0,0.0,153.0,1.0
50.0,0.0,153.0,1.0
51.0,0.0,147.0,1.0
52.0,0.0,147.0,1.0
-
Terminal name,Terminal ID,Draft limit ,Waiting time [hr],Entering time 
ANCH,0.0,100000.0,0.0,0.0
A,1.0,32409.0,6.0,0.5
B,2.0,33291.0,4.0,1.0
C,3.0,33642.0,8.0,0.5
D,4.0,30263.0,13.0,2.0
E,5.0,30396.0,7.0,1.0
F,6.0,29289.0,5.0,0.5
G,7.0,30338.0,9.0,1.0
H,8.0,30050.0,11.0,1.5
I,9.0,29654.0,8.0,2.0
J,10.0,28713.0,6.0,3.0
K,11.0,33944.0,9.0,1.5
-
Node,Associated terminal,Pickup or delivery,Required washing time [hr],Cargo load [tons],Loading time,Lower time window,Upper time window,Density,Cargo type
0.0,ANCH,0.0,0.0,0.0,0.0,0.0,1000.0,0.0,0.0
1.0,A,-1.0,8.0,-2878.94616317879,6.0,15.0,100.0,1110.0,1.0
2.0,B,1.0,0.0,1281.65789554945,6.0,25.0,100.0,890.0,1.0
3.0,B,1.0,0.0,1519.35450107918,9.0,50.0,300.0,1840.0,1.0
4.0,B,1.0,0.0,1335.38743067868,3.0,50.0,200.0,791.0,3.0
5.0,B,1.0,0.0,1229.09617340118,6.0,40.0,200.0,791.0,3.0
6.0,B,1.0,0.0,1136.58852915681,12.0,10.0,150.0,867.0,1.0
7.0,C,-1.0,10.0,-1055.02439108819,3.0,14.0,150.0,906.0,3.0
8.0,C,-1.0,5.0,-2530.19234745721,4.0,15.0,100.0,1180.0,1.0
9.0,D,-1.0,5.0,-2374.10305655955,3.5,16.0,150.0,1070.0,1.0
10.0,D,-1.0,3.0,-2219.56430660085,3.0,60.0,250.0,924.0,1.0
11.0,D,1.0,0.0,2372.80150070163,9.0,25.0,250.0,877.0,3.0
12.0,E,-1.0,10.0,-1105.2089350756,12.0,25.0,250.0,2130.0,1.0
13.0,E,1.0,0.0,1090.44041349771,6.0,50.0,250.0,784.0,1.0
14.0,F,1.0,0.0,1716.79146232135,3.0,20.0,300.0,740.0,1.0
15.0,G,-1.0,2.0,-3005.62029577884,12.0,20.0,300.0,810.0,1.0
16.0,G,1.0,0.0,1905.85408404798,7.0,20.0,300.0,1030.0,1.0
17.0,G,1.0,0.0,2445.34209463195,6.0,50.0,300.0,791.0,3.0
18.0,H,1.0,0.0,2074.69657188811,9.0,50.0,300.0,953.0,1.0
19.0,I,1.0,0.0,2073.87822098733,3.0,20.0,500.0,791.0,3.0
20.0,I,-1.0,7.0,-2762.66111793895,9.0,20.0,500.0,867.0,1.0
21.0,J,-1.0,9.0,-2294.82708872129,10.0,10.0,600.0,1080.0,1.0
22.0,J,-1.0,6.0,-3196.6111308351,14.0,10.0,600.0,1030.0,1.0
23.0,J,1.0,0.0,1149.02156169323,8.0,10.0,600.0,1030.0,1.0
24.0,J,1.0,0.0,1561.2568950854,10.0,70.0,200.0,924.0,1.0
25.0,K,-1.0,11.0,-2854.99073638933,10.0,70.0,200.0,899.0,3.0
26.0,ANCH,0.0,0.0,0.0,0.0,0.0,1000.0,0.0,0.0
-
-,-
0.0,70.0,78.0,77.0,81.5,85.5,53.2,61.8,73.5,67.7,71.5,81.0
70.0,0.0,8.0,7.0,11.5,15.5,16.799999999999997,8.200000000000003,3.5,2.3,1.4,11.0
78.0,8.0,0.0,1.0,3.5,7.5,24.799999999999997,16.200000000000003,4.5,10.3,6.6,3.0
77.0,7.0,1.0,0.0,4.5,8.5,23.799999999999997,15.200000000000003,3.5,9.3,4.7,4.0
81.5,11.5,3.5,4.5,0.0,4.0,28.299999999999997,19.700000000000003,8.0,13.8,9.2,0.5
85.5,15.5,7.5,8.5,4.0,0.0,32.3,23.700000000000003,12.0,17.8,14.1,4.5
53.2,16.799999999999997,24.799999999999997,23.799999999999997,28.299999999999997,32.3,0.0,8.599999999999994,20.299999999999997,14.499999999999995,18.299999999999994,27.799999999999997
61.8,8.200000000000003,16.200000000000003,15.200000000000003,19.700000000000003,23.700000000000003,8.599999999999994,0.0,11.700000000000003,5.9,9.7,19.200000000000003
73.5,3.5,4.5,3.5,8.0,12.0,20.299999999999997,11.700000000000003,0.0,5.8,1.2000000000000002,7.5
67.7,2.3,10.3,9.3,13.8,17.8,14.499999999999995,5.9,5.8,0.0,3.8,13.3
71.5,1.4,6.6,4.7,9.2,14.1,18.299999999999994,9.7,1.2000000000000002,3.8,0.0,9.6
81.0,11.0,3.0,4.0,0.5,4.5,27.799999999999997,19.200000000000003,7.5,13.3,9.6,0.0
