-
TankID,Min capacity,Max capacity,Tank type
1.0,0.0,1579.0,1.0
2.0,0.0,352.0,1.0
3.0,0.0,352.0,1.0
4.0,0.0,830.0,1.0
5.0,0.0,830.0,1.0
6.0,0.0,569.0,1.0
7.0,0.0,1708.0,1.0
8.0,0.0,352.0,1.0
9.0,0.0,352.0,1.0
10.0,0.0,1448.0,1.0
11.0,0.0,1448.0,1.0
12.0,0.0,569.0,1.0
13.0,0.0,1138.0,1.0
14.0,0.0,569.0,1.0
15.0,0.0,1138.0,1.0
16.0,0.0,352.0,1.0
17.0,0.0,352.0,1.0
18.0,0.0,2557.0,1.0
19.0,0.0,2557.0,1.0
20.0,0.0,1138.0,1.0
21.0,0.0,1708.0,1.0
22.0,0.0,569.0,1.0
23.0,0.0,2593.0,1.0
24.0,0.0,2593.0,1.0
25.0,0.0,2277.0,1.0
26.0,0.0,569.0,1.0
27.0,0.0,2161.0,1.0
28.0,0.0,2161.0,1.0
29.0,0.0,1708.0,1.0
30.0,0.0,569.0,1.0
31.0,0.0,1726.0,1.0
32.0,0.0,1726.0,1.0
33.0,0.0,1708.0,1.0
34.0,0.0,569.0,1.0
35.0,0.0,1645.0,1.0
36.0,0.0,1645.0,1.0
37.0,0.0,569.0,1.0
38.0,0.0,1632.0,1.0
39.0,0.0,1393.0,1.0
40.0,0.0,1393.0,1.0
-
Terminal name,Terminal ID,Draft limit ,Waiting time [hr],Entering time 
ANCH,0.0,100000.0,0.0,0.0
A,1.0,35029.0,6.0,0.5
B,2.0,33722.0,4.0,1.0
C,3.0,29855.0,8.0,0.5
D,4.0,35649.0,13.0,2.0
E,5.0,31734.0,7.0,1.0
F,6.0,32685.0,5.0,0.5
G,7.0,34546.0,9.0,1.0
H,8.0,36844.0,11.0,1.5
I,9.0,34327.0,8.0,2.0
J,10.0,26635.0,6.0,3.0
K,11.0,28508.0,9.0,1.5
-
-,-
0.0,70.0,78.0,77.0,81.5,85.5,53.2,61.8,73.5,67.7,71.5,81.0
70.0,0.0,8.0,7.0,11.5,15.5,16.799999999999997,8.200000000000003,3.5,2.3,1.4,11.0
78.0,8.0,0.0,1.0,3.5,7.5,24.799999999999997,16.200000000000003,4.5,10.3,6.6,3.0
77.0,7.0,1.0,0.0,4.5,8.5,23.799999999999997,15.200000000000003,3.5,9.3,4.7,4.0
81.5,11.5,3.5,4.5,0.0,4.0,28.299999999999997,19.700000000000003,8.0,13.8,9.2,0.5
85.5,15.5,7.5,8.5,4.0,0.0,32.3,23.700000000000003,12.0,17.8,14.1,4.5
53.2,16.799999999999997,24.799999999999997,23.799999999999997,28.299999999999997,32.3,0.0,8.599999999999994,20.299999999999997,14.499999999999995,18.299999999999994,27.799999999999997
61.8,8.200000000000003,16.200000000000003,15.200000000000003,19.700000000000003,23.700000000000003,8.599999999999994,0.0,11.700000000000003,5.9,9.7,19.200000000000003
73.5,3.5,4.5,3.5,8.0,12.0,20.299999999999997,11.700000000000003,0.0,5.8,1.2000000000000002,7.5
67.7,2.3,10.3,9.3,13.8,17.8,14.499999999999995,5.9,5.8,0.0,3.8,13.3
71.5,1.4,6.6,4.7,9.2,14.1,18.299999999999994,9.7,1.2000000000000002,3.8,0.0,9.6
81.0,11.0,3.0,4.0,0.5,4.5,27.799999999999997,19.200000000000003,7.5,13.3,9.6,0.0
-
Node,Associated terminal,Pickup or delivery,Required washing time [hr],Cargo load [tons],Loading time,Lower time window,Upper time window,Density,Cargo type
0.0,ANCH,0.0,0.0,0.0,0.0,0.0,1000.0,0.0,0.0
1.0,A,1.0,0.0,1655.85733555974,6.0,15.0,300.0,1110.0,3.0
2.0,A,-1.0,10.0,-717.127262429106,6.0,25.0,300.0,890.0,3.0
3.0,A,-1.0,15.0,-2280.34203101169,9.0,50.0,300.0,1840.0,3.0
4.0,A,1.0,0.0,1119.11441250076,3.0,50.0,250.0,791.0,3.0
5.0,A,-1.0,5.0,-2566.43604257927,6.0,40.0,250.0,791.0,3.0
6.0,A,1.0,0.0,2913.45242453101,12.0,10.0,150.0,867.0,3.0
7.0,B,-1.0,10.0,-2656.18792920291,3.0,14.0,150.0,906.0,3.0
8.0,B,1.0,0.0,1152.0326126714,4.0,15.0,100.0,1180.0,3.0
9.0,B,-1.0,5.0,-1622.95142498665,3.5,16.0,150.0,1070.0,3.0
10.0,C,-1.0,3.0,-1740.9279735245,3.0,60.0,250.0,924.0,3.0
11.0,C,-1.0,8.0,-432.789199915131,9.0,25.0,250.0,877.0,3.0
12.0,D,-1.0,10.0,-2615.49474116718,12.0,25.0,250.0,2130.0,3.0
13.0,D,1.0,0.0,3643.28585998554,6.0,50.0,250.0,784.0,3.0
14.0,E,-1.0,4.0,-1309.30797625972,3.0,20.0,400.0,740.0,3.0
15.0,E,-1.0,2.0,-597.895809630027,12.0,20.0,400.0,810.0,3.0
16.0,E,-1.0,6.0,-2615.31306911171,7.0,20.0,400.0,1030.0,3.0
17.0,E,-1.0,5.0,-2216.85959163991,6.0,50.0,400.0,791.0,3.0
18.0,E,1.0,0.0,3360.26225375362,9.0,50.0,400.0,953.0,3.0
19.0,F,1.0,0.0,1585.56113779259,3.0,20.0,500.0,791.0,3.0
20.0,F,-1.0,7.0,-2565.41480796917,9.0,20.0,500.0,867.0,3.0
21.0,F,1.0,0.0,2024.1074153158,10.0,10.0,600.0,1080.0,3.0
22.0,G,-1.0,6.0,-828.35903823642,14.0,10.0,600.0,1030.0,3.0
23.0,H,1.0,0.0,2824.56724259506,8.0,10.0,600.0,1030.0,3.0
24.0,I,-1.0,3.0,-1957.08862593248,10.0,70.0,200.0,924.0,3.0
25.0,I,1.0,0.0,3391.93111047246,10.0,70.0,200.0,899.0,3.0
26.0,J,1.0,0.0,2478.3062500558,8.0,100.0,700.0,1000.0,3.0
27.0,J,-1.0,11.5,-1931.0820906113,8.0,100.0,700.0,1000.0,3.0
28.0,K,1.0,0.0,2336.45887333243,8.5,50.0,600.0,830.0,3.0
29.0,K,1.0,0.0,1325.44783114076,8.5,50.0,600.0,830.0,3.0
30.0,K,-1.0,10.0,-357.02696047336,6.0,50.0,600.0,890.0,3.0
31.0,ANCH,0.0,0.0,0.0,0.0,0.0,1000.0,0.0,0.0
